1.0799600781295673